function [Bus,Line,Transform]=case33
UB=12.66;%基准电压kV
SB=1;%基准功率MVA
k1=1/(1000*SB);
k2=1/(1000*SB);
k3=1/(UB^2/SB);
k4=1/(UB^2/SB);

%    节点   电压初值     电压相角      有功注入        无功注入        负荷有功/kW    负荷无功/kvar     节点类型     光伏       风电        储能
%     1       2             3              4               5                6             7                 8          9         10           11
Bus=[ 1       1.05          0              0               0               0*k1          0*k2               1          1          0           0
      2       1             0              0               0               100*k1        60*k2              2          0          0           0
      3       1             0              0               0               90*k1         40*k2              2          0          0           0
      4       1             0              0               0               120*k1        80*k2              2          0          0           0
      5       1             0              0               0               60*k1         30*k2              2          0          0           1
      6       1             0              0               0               60*k1         20*k2              2          1          0           0
      7       1             0              0               0               200*k1        100*k2             2          0          0           0
      8       1             0              0               0               200*k1        100*k2             2          0          0           1
      9       1             0              0               0               60*k1         20*k2              2          0          0           0
     10       1             0              0               0               60*k1         20*k2              2          0          0           0
     11       1             0              0               0               45*k1         30*k2              2          0          0           1
     12       1             0              0               0               60*k1         35*k2              2          0          0           0
     13       1             0              0               0               60*k1         35*k2              2          0          0           0
     14       1             0              0               0               120*k1        80*k2              2          0          0           0
     15       1             0              0               0               60*k1         10*k2              2          0          0           0
     16       1             0              0               0               60*k1         20*k2              2          0          0           0
     17       1             0              0               0               60*k1         20*k2              2          0          0           0
     18       1             0              0               0               90*k1         40*k2              2          0          0           0
     19       1             0              0               0               90*k1         40*k2              2          0          0           0
     20       1             0              0               0               90*k1         40*k2              2         0          0           0
     21       1             0              0               0               90*k1         40*k2              2          0          0           0
     22       1             0              0               0               90*k1         40*k2              2          0          0           0
     23       1             0              0               0               90*k1         50*k2              2          0          0           0
     24       1             0              0               0               420*k1        200*k2             2          0          0           0
     25       1             0              0               0               420*k1        200*k2             2          0          0           0
     26       1             0              0               0               60*k1         25*k2              2          0          0           0
     27       1             0              0               0               60*k1         25*k2              2          0          0           0
     28       1             0              0               0               60*k1         20*k2              2          0          0           0
     29       1             0              0               0               120*k1        70*k2              2          0          0           0
     30       1             0              0               0               200*k1        600*k2             2          0          0           0
     31       1             0              0               0               150*k1        70*k2              2          0          0           0
     32       1             0              0               0               210*k1        100*k2             2          0          0           0
     33       1             0              0               0               60*k1         40*k2              2          0          0           0
     ];
 %节点类型  1：平衡节点  2:PQ   3:PV
%     首节点  末节点  电阻/欧姆   电抗/欧姆     对地电纳b/2       对地电纳b/2
%       1       2         3            4           5                   6
Line=[  1       2      0.0922*k3	    0.047*k4          0                   0
        2       3      0.4930*k3	    0.2511*k4         0                   0
        3       4      0.3660*k3	    0.1864*k4         0                   0
        4       5      0.3811*k3  	    0.1941*k4         0                   0
        5       6      0.8190*k3	    0.7070*k4         0                   0
        6       7      0.1872*k3	    0.6188*k4         0                   0
        7       8      0.7114*k3	    0.2351*k4         0                   0
        8       9      1.0300*k3	    0.7400*k4         0                   0
        9       10     1.0440*k3        0.7400*k4         0                   0
        10      11     0.1966*k3        0.0650*k4         0                   0
        11      12     0.3744*k3        0.1238*k4         0                   0
        12      13     1.4680*k3  	    1.1550*k4         0                   0
        13      14     0.5416*k3 	    0.7129*k4         0                   0
        14      15     0.5910*k3	    0.5260*k4         0                   0
        15      16     0.7463*k3	    0.5450*k4         0                   0
        16      17     1.2890*k3  	    1.7210*k4         0                   0
        17      18     0.3720*k3	    0.5740*k4         0                   0
        2       19     0.1640*k3	    0.1565*k4         0                   0
        19      20     1.5042*k3	    1.3554*k4         0                   0
        20      21     0.4095*k3	    0.4784*k4         0                   0
        21      22     0.7089*k3	    0.9373*k4         0                   0
        3       23     0.4512*k3	    0.3083*k4         0                   0
        23      24     0.8980*k3	    0.7091*k4         0                   0
        24      25     0.8960*k3        0.7011*k4         0                   0
        6       26     0.2030*k3  	    0.1034*k4         0                   0
        26      27     0.2842*k3	    0.1447*k4         0                   0
        27      28     1.0590*k3	    0.9337*k4         0                   0
        28      29     0.8042*k3	    0.7006*k4         0                   0
        29      30     0.5075*k3	    0.2585*k4         0                   0
        30      31     0.9744*k3	    0.9630*k4         0                   0
        31      32     0.3105*k3	    0.3619*k4         0                   0
        32      33     0.3410*k3	    0.5302*k4         0                   0];
Transform=[];
end