function [Bus,Line,Transform]=case13 
UB=0.38;%基准电压kV
SB=1;%基准功率MVA
k1=1/(1000*SB);
k2=1/(1000*SB);
k3=1/(UB^2/SB);
k4=1/(UB^2/SB);

%    节点   电压初值     电压相角      有功注入        无功注入        负荷有功/kW    负荷无功/kvar     节点类型     光伏       风电        储能  
%     1       2             3              4               5                6             7                 8          9         10           11
Bus=[ 1     1.0526            0              0               0               0*k1          0*k2               1          0          0           0
      2       1             0              0               0               0*k1          0*k2               2          0          0           0
      3       1             0              0               0               0*k1          0*k2               2          0          0           0
      4       1              0             0*k1         0               -39.54*k1         45.1*k2             2          0          0           0
      5       1             0              0               0               0*k1          0*k2               2          0          0           0
      6       1             0              0               0               0*k1          0*k2               2          0          0           0
      7       1             0              0               0               0*k1          0*k2               2          0          0           0
      8       1             0              0               0           10.192*k1      2.0696*k2               2          0          0           0
      9       1             0              0               0           12.35*k1       4.06*k2               2          0          0           0
     10       1             0              0            0              15.3*k1        9.54*k2               2          0          0           1
     11       1             0              0               0           8.075*k1      2.654*k2               2          0          0           0  
     12       1             0              0               0           33.25*k1      10.93*k2               2          0          0           0 ];     
%节点类型  1：平衡节点  2:PQ   3:PV
%     首节点  末节点  电阻/欧姆   电抗/欧姆     对地电纳b/2       对地电纳b/2 
%       1       2         3            4           5                   6  
Line=[  1       2      0.01*k3	    0.016*k4               0                   0
        2       3      0.01988*k3	    0.00581*k4         0                   0
        3       4      0.00994*k3  	    0.002905*k4         0                   0
        3       8      0.1107*k3	    0.00282*k4         0                   0
        4       5      0.01988*k3	    0.00581*k4         0                   0
        4       9      0.01*k3	       0.002513*k4         0                   0
        5       10      0.02613*k3	    0.00243*k4         0                   0
        5       6     0.02982*k3        0.008715*k4         0                   0
        6       11     0.1107*k3	    0.00282*k4         0                   0
        6       7     0.00994*k3        0.002905*k4         0                   0
        7       12     0.05*k3  	    0.00015708*k4         0                   0   ];            
Transform=[];
end